object 1 1
200 100
400 100
0 100
0 0
400 0
200 200
object 2 0
918 167
585 1005
783 68
95 227
940 758
1005 489
object 3 1
550 601
1005 489
940 758
783 68
585 1005
95 227
object 4 0
89 800
783 68
585 1005
1005 489
940 758
95 227
object 5 1
318 282
783 68
585 1005
1005 489
940 758
95 227
object 6 1
905 539
783 68
585 1005
1005 489
940 758
95 227
object 7 0
18 44
783 68
1005 489
585 1005
940 758
95 227
object 8 1
0 0
-400 400
400 -400
400 400
-400 -400
0 800
object 9 0
412 902
907 586
255 826
632 902
908 460
495 120
object 10 1
705 769
907 586
495 120
255 826
632 902
908 460
object 11 1
0 0
-1024 -1024
1023 -1024
1023 1022
-1024 1023
0 1023
object 12 1
410 510
710 620
400 80
130 210
300 800
103 500
object 13 0
20 625
710 620
103 500
400 80
130 210
300 800
object 14 1
500 675
710 620
400 80
130 210
300 800
103 500
object 15 1
0 0
1000 -100
-100 1000
-90 -100
-100 -90
-95 -95
object 16 0
130 210
710 620
300 800
400 80
980 120
103 500
object 17 0
710 620
300 800
400 80
980 120
130 210
103 500
object 18 0
710 50
-1 -1
-1 340
755 510
298 560
982 280
object 19 0
850 100
-1 -1
-1 340
755 510
298 560
982 280
object 20 1
410 510
-100 340
-100 -1
755 510
298 560
982 280
object 21 1
0 0
-486 -241
-760 997
800 997
1011 375
800 -800
object 22 1
0 0
-486 -241
800 -800
1011 375
800 997
-760 997
object 23 0
-490 -241
-486 -241
800 -800
1011 375
800 997
-760 997
object 24 1
-480 -241
-486 -241
800 -800
1011 375
800 997
-760 997
object 25 1
913 660
-486 -241
-760 997
1011 375
800 997
800 -800
