01111111011101010110111100010
01111101101010000111110101001
01110010010101100101111100100
10001110100001111000000010100
10001010011001110110011010001
01101101001100000101100011010
10010001010111010101101110010
10011011010001000110101011010
10001011100111010111111110110
01110110011110010101101010100
01001110011000000111011111000
01010110100011100111101100100
10000010001100100110100000110
01011111110011100101000101000
11110101010111100110101101000
01111010100101110000011100010
01001111101100000100011010110
01111001100110000101011110100
10100111100001000111100010010
01100011100101010101011000110
11010001101111010100101010010
10011001100100110110110110010
01100010101110010101110000010
01110100011010000100111001000
10001011010111110110001000110
01011111101000010001111010010
01010101110000100101100110100
10010011101000000101011111000
10000000100101011000001101000
10100100011101000111011101000
10010001100100000101100000100
10000010011001110110001111010
10010101100111100100110010010
10010110100001110101100010100
01001011011010110101101111010
01111011010101010100011110010
10000001110000110010000010010
10100110110001110110000011001
01110011011000000111011101001
01111110001110010101001010010
10101111101010000011101010010
10010011100001110111100101000
10001001100110010111010000110
11010000100101110111101001010
00011100111101010000101000010
01101100010010110100110001000
01000101011110100101111001010
01011111101101010110100110010
10001001101110100111100111010
10011001101100100100001101010
01100101011100100111010111010
01111011011110100111110001001
01011000001100000100110001000
10011001011101010101101111010
10011001011001110111011001000
00111101100010000010111000010
01100000101011110100000010110
10110000100000010110011111010
01110000101000100100001000100
01101001011111011010010111000
10100011010010110101011001000
01011100011011010101100100110
11001111010110000011011110100
01111110100100010110010101000
10010001100110010111111110110
10001101010010110100010010010
00110101101100000011010100010
01100101100011000101111101000
01101100011100010110001101010
10100000101100110110111000010
10110000101100100110010000100
01110001100001000011100110001
10001011101011000101010010010
01101101011011000110100010010
10110000100010100001111001000
01110111010100010111011001000
10000110100111000111000011010
01011101001011000011100110000
10010110101000100110010000101
00110011011110100111011001010
10000100110001100110000101000
10001111110010100101010111000
01101000100101000101110001010
01011011101001000110101111001
01101010100101100111110101000
01001010101001110110000100110
01000111101001000010101100010
01000000001101000101110110010
01101011011110111001001011000
01011111100101010011011101010
01100101011111000101011100010
01101011011100010101111000100
10100010001110110101101001000
00101100101100100100101000010
01010010101000000110110111010
10011011101001000101110101000
01001111010101100110111011000
01010110010010110110001010010
11000001011110000110101110010
01011110101000000011000100010
