1001001011111101
1010100000110111
0100010100101100
0000001011111100
0001010010111110
0110101111100001
1111101001011010
1001011010001001
0111001011000010
1100010100010111
0010000100101011
0100101000100110
1100011111001011
1100011100000100
0001111011000110
1100011101101011
0001000010001011
1011000100101111
1101110101111100
0110011110000010
0011001000011110
1101011101100000
0011111100010011
0010000111111100
1000110011010111
1001101000100001
1000110100100000
1001111011101111
1101001000000000
0011001010001110
1100111001000000
0100011000110111
1100110000010001
1011101111111100
0001110011001010
1110111010001111
1001010111010001
1001010100011100
0011101001111111
1001010101001000
0001010101110101
0000110010011111
1100101100001110
0001010101110101
0001001000000100
0011000011110101
1100001010110001
0011000011110101
1110001000001001
0001001000010101
1001001001111010
1101111011010100
1010101011001111
0110100011110111
0000110110100100
1000100111100011
1111011100001001
1111011111011111
1111000100110100
1111011101101000
0111001110011100
0111110110010001
0111111110011001
0100111111100101
0000111111101110
0110000101111011
0111111110100111
1110101010000101
1001111111110100
0001111110010001
1010110101000101
1010000111011011
1111011001110001
0000101101110001
1111011010101010
0101000110100111
0111011101011001
0001101001111001
1001101011101101
1010001101010101
1010101111011101
1110100001100011
1110000111111000
0111101111001101
0010011011001111
1111110010011111
1010100101001100
0100011000110101
0110010011110111
1010000011011111
0010010001010111
1100001111001110
0110001010100000
1000011000001000
0111011010010000
0111111001001100
0101011111000000
1111110001011101
0100111100000000
0010010100110000
0101011010110011
1000001110010101
0100011010011011
0011000100000111
1011101111111001
0011010110000001
0000111111001110
0101011111100000
1110001110011110
0011101111001111
1001110001110100
1110001110011110
1100000011011011
1001110011011110
0010010000001000
0110000001110011
0101100111101000
1001011000111011
1111110100111011
1011010100111011
1110110101110100
0110111011101110
0101101001001110
0110011110110110
1110001001000001
1000000101110111
0010010001111111
1111100100000001
0110010010101101
0111011111001101
1110010001100001
1100000101001010
1110001001001110
0110001001100110
1000000011100010
1101001001010001
1000010101110101
0101110010110110
0000000100010111
0001000011110010
0100000100010000
1000001010000101
1010111101101100
1100001010010110
1000011010100111
1001000111101000
0110110110111011
0001111001101111
0100010101110111
1100100111111010
1110010011100110
1011000011010001
0010111000110110
1110100111001010
0100010000100010
0101110101010010
1010010110001000
1010011000010011
0011000100010010
1000100010000011
0111011010110111
1010110010000001
1110101111000000
1000001011011110
0010001110111111
1011110010110110
1101101000100000
0010001110111111
0001000110101111
1100110000100101
1011111011111000
0101100001010001
1101110111111111
1111110010110010
1001011100010101
0100000011000011
0010000111110000
0001000111110100
0010010011111100
1011000100101101
0101111010101010
0101111000100001
1000101000011000
0101111001011010
1000000110110110
0010111110100101
0010000000010100
1010101100011011
0001100111000010
0001100110101111
1110110010101111
1010011011100111
0010111111111001
1001000011101000
1101110101001110
1001111010000110
0111110011101010
1011100011000111
1001100101100111
1111110111010001
0001000100101000
1010111111010110
0110111101011001
0010100110000111
0011111101101110
1010001100000100
1001000011111100
0111101101000111
0110010000100100
1001110100101001
0000011101000011
0100001100101111
1101111000111011
1010001001111100
0100110010101010
1011011100010100
1101111110111011
0100001100001001
1010101101110001
1000000001000110
0010101110111001
0110001101110000
0010101101110000
1010111011000101
0001110010011001
1000011010001010
0111111111101100
1101100001011000
1100101100101011
1000001111101110
1100001001101010
0011011111010011
1011011011001010
0110011101101100
0011010010110000
0101011110110111
0100000101101111
0000100000010000
1111001111111010
0001011100101001
0111101101110111
1111111100001000
0110111101100010
1010011101010010
1001010101000001
0101011111011001
0010100000101101
0011010001101000
1010101101110101
1110001100010101
1110000001111111
1100111000111001
1000011000011111
0110111011101000
1000011010101110
1000011010101100
1010000100010000
0001010110111101
1111111011111110
1000001111111000
1000000101110111
0101001000100010
1101011001001000
0110101001011111
0001011011000011
0110101010000001
0001111111001100
0011110011100101
1011111111000100
0011100000111101
0011101010100101
0101000101010110
1000010111001101
0011100001111111
1000011100000111
1110100101011010
1101100100110100
1010110011111100
0101110011101010
1110101111100100
1011100000110000
1101010011110100
1000011011110010
1100100110100111
0110011101001000
1001011110001010
0101010110111010
0111011001111100
1000100011100101
1000110111100101
1000110100111100
0000001000100111
0110000100100101
1000001100101010
0110010111110110
0100111101000001
1100101110010101
1011000110001111
1001010101111010
1010010110000010
0000110100010000
1111000101001110
0110011110010111
0101001101111001
0000110011000000
1101011101011101
1011000010111001
0000011011010001
1000111001010000
0110101000001000
0010000000101101
0011000000100101
1111111110111011
0101011001010000
0110110111011011
1000100010000010
0011010110000001
0110001000001011
0000001011100011
1000001000010010
0011001011111000
0111100110110111
1110000110100011
0111100011010110
1011011011100110
0010011011000110
1101000110110100
0101001111010000
1011110101110000
0010100011011100
0101001101110001
0110100011110000
0001000000111001
1010110111001101
0101011011101000
0011111010010101
0000100001001100
1101111111001101
0101011110101001
1000111110011101
0010001011111111
1011011110000010
0000010101110101
1000111100100010
0110000001110101
0100110111000001
0010100110111000
0101001110110010
1011010100011001
0000010000100101
0000100001100000
0011010010101001
0011101110101000
0000111110111110
1111100000001011
0010010110110011
0111010010010110
0010000010000101
1000101010100101
0111011110110000
1000001111010011
1001001101011001
0001100101001001
0110100111000001
1000110010111100
0000011000110111
1011000001100000
1000110010111100
0101001100001000
1010101000111100
1110100101101101
1110100101101101
0011111001010010
0011001011100110
0001011011011110
0011100111100111
1010011100110001
0001110011000010
0011010111101101
1000110110110101
1101000101110110
0011000011010100
1101000110100010
1101000110000001
0001010011000101
0011111100101001
1001110000010110
0001010011000101
0101101100001010
1010011100110111
0000000110100010
1101100011100010
1101111100110010
1111111101010100
0110011011100100
0011100100010001
1000110010011001
0011011011001000
0101101010000000
1000100001111000
